12.427579
16.119035
11.152968
11.001211
12.887825
12.718409
12.974747
12.776836
13.188223
13.343364
13.442400
11.947949
12.640400
12.557247
12.706179
12.916923
12.225643
12.902662
12.477085
12.405770
12.254197
13.334171
13.190023
14.858686
13.387500
13.684146
14.686847
14.287040
15.758720
15.496236
16.604817
16.523852
17.219174
17.091880
17.554277
17.073791
17.510980
17.310992
15.869137
16.153573
15.668793
17.077158
17.860156
18.280048
19.428666
19.362680
18.992809
19.793861
19.560305
20.239518
21.413848
20.714459
21.205474
19.562822
19.787647
20.946967
20.394151
20.515915
22.296024
21.625570
20.104898
20.437245
19.909605
20.147979
20.107486
18.886216
18.976220
19.438250
18.179617
18.343974
19.692031
18.315918
17.141613
17.062014
15.603840
15.480232
14.900545
13.722333
14.507953
15.159784
14.271266
14.260582
14.224417
13.585383
14.028068
14.367468
14.587834
15.362769
14.467457
14.441430
14.590841
14.168731
15.488856
16.455754
16.181356
15.360632
15.496553
13.979370
14.063102
13.718117
