10.210609
14.317597
11.291175
9.624157
8.847968
7.656226
9.145192
8.810330
8.933891
8.770885
9.697649
8.682372
8.169399
8.867274
10.137399
11.029447
10.956268
11.864667
11.262974
11.614724
11.149204
11.087112
12.352192
13.188285
12.533369
11.773921
11.844480
10.946836
12.129332
12.758615
13.219533
12.683829
11.575002
10.448523
10.944688
11.430395
10.529241
10.218177
10.098253
9.486853
9.263044
9.801583
9.834457
10.411223
8.879327
8.099544
7.824277
7.566513
8.088866
8.371301
6.753410
6.341884
6.339631
5.358659
5.415144
6.220778
5.805532
5.856566
4.973924
5.178134
6.271598
7.586686
7.847755
7.496010
8.631648
9.585998
10.364795
12.162834
12.182628
11.122807
11.444495
11.322134
12.497316
13.535008
14.129136
13.273332
13.741800
13.611069
13.382023
14.771486
13.541704
13.808721
12.546727
12.890266
11.711613
11.449857
10.872483
10.509238
10.390129
9.922329
10.420503
9.433313
9.463082
9.164752
9.007929
9.567267
8.734775
7.475656
7.200432
6.839041
