2.625105
8.091075
7.751929
10.755077
10.204976
10.147015
10.421759
10.000885
9.781140
9.885111
10.055740
9.396232
9.126243
8.137962
8.868379
8.572415
9.497405
9.092090
8.996231
9.195024
9.180315
10.025817
10.059937
10.819510
10.577178
10.394833
9.618912
10.374570
11.045877
11.279196
13.103117
13.397668
13.197362
12.014168
12.597046
13.215115
12.410337
12.136849
11.477541
10.438002
10.284642
10.773391
11.168830
12.004001
11.022685
11.901574
13.238076
14.538897
14.672000
15.706073
15.974087
14.567098
14.814082
15.320196
15.503993
15.404036
15.596196
14.145125
15.129292
15.643379
15.235330
15.638683
15.483387
16.148791
15.842129
14.917525
13.773997
15.150523
14.887586
14.043633
14.194262
14.974917
16.846793
16.750805
17.033648
17.027101
18.457742
17.990861
18.584369
20.375505
20.217974
20.534496
21.000398
21.540782
23.692880
25.632954
26.131992
27.395285
26.775363
25.453721
26.858298
26.756617
26.518097
25.226142
24.726053
24.660177
24.007432
24.512875
25.067318
25.966309
